0.2452096
0.5313071
0.01545825
0.9815779
0.1203534
0.04677678
0.1761593
0.522057
0.2074652
0.4393053
1.217069
0.09359643
0.292214
0.1215343
0.5459608
0.2133332
0.3729913
1.175503
0.1196486
0.2392619
0.1627112
0.2933263
0.4276859
0.4320342
0.2560921
0.3058865
0.3450783
0.7468049
0.8612843
0.04350706
0.2084628
0.07445317
0.124376
0.2801133
0.264312
0.289209
0.2247038
0.5058471
1.085474
0.2602703
0.3067287
0.1802937
0.07588843
0.5219867
0.05207403
0.2986513
0.1489425
0.4247677
0.3209482
0.1244999
0.06815113
1.022861
0.214703
0.2834581
0.1058226
0.1328702
0.1635148
0.3176976
0.2805587
0.6707118
0.4060108
0.3648979
0.3340878
1.451504
0.3294491
0.2657171
0.7531276
0.1360026
0.2360647
0.5764561
0.2411651
0.2207949
0.1605666
0.1424798
0.09812136
0.3910795
0.08741098
0.1747001
0.0409544
0.6886668
0.1161558
0.2144444
0.2742322
0.1215149
0.4983277
0.2980642
0.4830267
1.186805
0.0741667
0.1898645
0.2713169
0.1415645
0.3409728
0.1236669
0.1410138
0.04836404
0.1872327
0.4391578
0.0213312
0.1872113
0.09462907
0.6204467
0.2232727
0.0723866
0.355458
0.1183549
0.2742321
0.1008733
0.09938639
0.1821524
0.4865782
0.1202276
0.04978318
0.2444673
0.1994611
0.8461379
0.03273089
0.2801933
0.1784171
0.5697029
0.09130272
0.1250947
0.7203962
0.05550637
0.02558913
0.3064001
0.4705076
0.4090674
0.01839488
0.1154283
0.01713228
0.120391
0.2601825
1.452765
0.1483673
0.7504266
0.4668041
0.112219
0.0334079
0.1475246
0.4164407
0.1706328
0.1306254
0.2380484
0.1262094
0.5261979
0.1439414
0.7191797
0.4424266
0.6911408
0.05792541
0.00946866
0.1946646
0.7701572
0.1345607
0.2725579
0.4886987
0.5959157
0.616832
0.198972
0.3196253
0.2652679
0.8496211
0.6792508
1.130717
0.318066
0.4055622
0.2165361
0.03704921
0.4165366
0.08694271
0.1353246
0.3118266
0.3840519
0.7705567
0.2545963
0.2627785
0.1772925
0.1051293
0.384538
0.6180971
0.5485282
0.07904478
0.1990136
0.296038
0.177447
0.6198223
0.4334955
0.2165028
0.02078835
0.2944792
0.2843007
0.1101108
0.08185741
0.1802846
0.1269613
0.2688741
0.08423092
0.1536951
0.2446389
